chrom	exon_start	exon_end	gene	tx	exon	min	mean	max	10x	20x	30x	50x	100x
1	17380443	17380514	SDHB	NM_003000.2	1	36	45.85	64	100.0	100.0	100.0	29.58	0.0
1	17371256	17371383	SDHB	NM_003000.2	2	37	65.57	80	100.0	100.0	100.0	90.55	0.0
1	17359555	17359640	SDHB	NM_003000.2	3	72	90.27	101	100.0	100.0	100.0	100.0	4.71
1	17355095	17355231	SDHB	NM_003000.2	4	86	124.53	149	100.0	100.0	100.0	100.0	79.41
1	17354244	17354360	SDHB	NM_003000.2	5	64	101.88	119	100.0	100.0	100.0	100.0	67.24
1	17350468	17350569	SDHB	NM_003000.2	6	38	51.65	56	100.0	100.0	100.0	76.24	0.0
1	17349103	17349225	SDHB	NM_003000.2	7	62	93.64	116	100.0	100.0	100.0	100.0	40.98
1	17345376	17345453	SDHB	NM_003000.2	8	49	76.9	94	100.0	100.0	100.0	98.7	0.0
1	45805891	45805926	MUTYH	NM_001128425.1	1	30	40.11	49	100.0	100.0	97.14	0.0	0.0
1	45800063	45800183	MUTYH	NM_001128425.1	2	59	82.65	98	100.0	100.0	100.0	100.0	0.0
1	45799085	45799275	MUTYH	NM_001128425.1	3	23	44.0	52	100.0	100.0	98.42	3.68	0.0
1	45798957	45798996	MUTYH	NM_001128425.1	4	48	50.92	56	100.0	100.0	100.0	41.03	0.0
1	45798769	45798842	MUTYH	NM_001128425.1	5	44	60.14	66	100.0	100.0	100.0	87.67	0.0
1	45798590	45798631	MUTYH	NM_001128425.1	6	39	43.39	49	100.0	100.0	100.0	0.0	0.0
1	45798435	45798506	MUTYH	NM_001128425.1	7	45	53.25	57	100.0	100.0	100.0	83.1	0.0
1	45798246	45798359	MUTYH	NM_001128425.1	8	57	64.34	72	100.0	100.0	100.0	100.0	0.0
1	45798063	45798160	MUTYH	NM_001128425.1	9	49	56.51	64	100.0	100.0	100.0	87.63	0.0
1	45797838	45797982	MUTYH	NM_001128425.1	10	45	75.67	93	100.0	100.0	100.0	92.36	0.0
1	45797695	45797758	MUTYH	NM_001128425.1	11	55	64.81	72	100.0	100.0	100.0	100.0	0.0
1	45797333	45797521	MUTYH	NM_001128425.1	12	52	89.02	111	100.0	100.0	100.0	100.0	34.57
1	45797092	45797228	MUTYH	NM_001128425.1	13	63	87.14	105	100.0	100.0	100.0	100.0	6.62
1	45796854	45797006	MUTYH	NM_001128425.1	14	42	53.37	68	100.0	100.0	100.0	71.05	0.0
1	45796188	45796229	MUTYH	NM_001128425.1	15	105	110.2	116	100.0	100.0	100.0	100.0	100.0
1	45794978	45795109	MUTYH	NM_001128425.1	16	48	93.2	111	100.0	100.0	100.0	97.71	53.44
1	161284196	161284215	SDHC	NM_003001.3	1	77	79.68	81	100.0	100.0	100.0	100.0	0.0
1	161293404	161293460	SDHC	NM_003001.3	2	66	81.82	89	100.0	100.0	100.0	100.0	0.0
1	161298186	161298287	SDHC	NM_003001.3	3	51	86.95	102	100.0	100.0	100.0	100.0	8.91
1	161310384	161310445	SDHC	NM_003001.3	4	79	96.82	108	100.0	100.0	100.0	100.0	44.26
1	161326467	161326630	SDHC	NM_003001.3	5	32	55.4	72	100.0	100.0	100.0	76.07	0.0
1	161332119	161332223	SDHC	NM_003001.3	6	33	51.47	57	100.0	100.0	100.0	77.88	0.0
1	193091331	193091461	CDC73	NM_024529.4	1	52	80.21	93	100.0	100.0	100.0	100.0	0.0
1	193094242	193094347	CDC73	NM_024529.4	2	73	113.92	135	100.0	100.0	100.0	100.0	79.05
1	193099304	193099373	CDC73	NM_024529.4	3	93	116.42	130	100.0	100.0	100.0	100.0	85.51
1	193104521	193104583	CDC73	NM_024529.4	4	55	79.29	100	100.0	100.0	100.0	100.0	0.0
1	193104667	193104719	CDC73	NM_024529.4	5	95	99.31	106	100.0	100.0	100.0	100.0	30.77
1	193107215	193107303	CDC73	NM_024529.4	6	98	133.56	152	100.0	100.0	100.0	100.0	97.73
1	193110980	193111196	CDC73	NM_024529.4	7	46	86.09	120	100.0	100.0	100.0	97.69	33.8
1	193116997	193117095	CDC73	NM_024529.4	8	85	102.96	128	100.0	100.0	100.0	100.0	54.08
1	193119434	193119512	CDC73	NM_024529.4	9	69	104.64	119	100.0	100.0	100.0	100.0	78.21
1	193121510	193121574	CDC73	NM_024529.4	10	94	118.64	137	100.0	100.0	100.0	100.0	85.94
1	193172925	193172982	CDC73	NM_024529.4	11	71	82.98	91	100.0	100.0	100.0	100.0	0.0
1	193181195	193181230	CDC73	NM_024529.4	12	94	101.77	107	100.0	100.0	100.0	100.0	65.71
1	193181520	193181607	CDC73	NM_024529.4	13	90	125.97	144	100.0	100.0	100.0	100.0	88.51
1	193202123	193202284	CDC73	NM_024529.4	14	43	94.25	128	100.0	100.0	100.0	93.79	47.2
1	193205386	193205486	CDC73	NM_024529.4	15	63	92.46	116	100.0	100.0	100.0	100.0	37.0
1	193218860	193219001	CDC73	NM_024529.4	16	67	107.13	139	100.0	100.0	100.0	100.0	64.54
1	193219806	193219842	CDC73	NM_024529.4	17	57	70.47	77	100.0	100.0	100.0	100.0	0.0
1	241682891	241683022	FH	NM_000143.3	1	25	44.03	63	100.0	100.0	86.26	29.01	0.0
1	241680482	241680616	FH	NM_000143.3	2	55	88.79	112	100.0	100.0	100.0	100.0	25.37
1	241676903	241677013	FH	NM_000143.3	3	57	73.37	86	100.0	100.0	100.0	100.0	0.0
1	241675267	241675443	FH	NM_000143.3	4	63	106.57	148	100.0	100.0	100.0	100.0	59.66
1	241671903	241672085	FH	NM_000143.3	5	23	60.39	85	100.0	100.0	90.66	67.58	0.0
1	241669303	241669468	FH	NM_000143.3	6	43	77.99	99	100.0	100.0	100.0	98.79	0.0
1	241667342	241667545	FH	NM_000143.3	7	17	50.71	75	100.0	94.09	78.33	59.11	0.0
1	241665743	241665870	FH	NM_000143.3	8	34	66.93	84	100.0	100.0	100.0	86.61	0.0
1	241663737	241663890	FH	NM_000143.3	9	61	100.48	126	100.0	100.0	100.0	100.0	56.21
1	241661128	241661270	FH	NM_000143.3	10	60	82.13	108	100.0	100.0	100.0	100.0	4.93
2	47596645	47596720	EPCAM	NM_002354.2	1	9	13.32	14	97.33	0.0	0.0	0.0	0.0
2	47600602	47600709	EPCAM	NM_002354.2	2	77	104.68	128	100.0	100.0	100.0	100.0	47.66
2	47600947	47601187	EPCAM	NM_002354.2	3	35	64.83	87	100.0	100.0	100.0	78.75	0.0
2	47602373	47602438	EPCAM	NM_002354.2	4	108	130.37	144	100.0	100.0	100.0	100.0	100.0
2	47604153	47604216	EPCAM	NM_002354.2	5	111	132.71	142	100.0	100.0	100.0	100.0	100.0
2	47606092	47606193	EPCAM	NM_002354.2	6	71	94.7	111	100.0	100.0	100.0	100.0	49.5
2	47606908	47607108	EPCAM	NM_002354.2	7	77	113.7	144	100.0	100.0	100.0	100.0	68.0
2	47612305	47612349	EPCAM	NM_002354.2	8	127	135.98	143	100.0	100.0	100.0	100.0	100.0
2	47613711	47613752	EPCAM	NM_002354.2	9	43	74.34	110	100.0	100.0	100.0	80.49	9.76
2	47630331	47630541	MSH2	NM_000251.2	1	20	32.59	47	100.0	97.62	63.81	0.0	0.0
2	47635540	47635694	MSH2	NM_000251.2	2	54	85.78	115	100.0	100.0	100.0	100.0	27.27
2	47637233	47637511	MSH2	NM_000251.2	3	40	81.78	114	100.0	100.0	100.0	91.37	23.38
2	47639553	47639699	MSH2	NM_000251.2	4	63	99.92	125	100.0	100.0	100.0	100.0	63.7
2	47641408	47641557	MSH2	NM_000251.2	5	23	61.39	81	100.0	100.0	93.96	73.83	0.0
2	47643435	47643568	MSH2	NM_000251.2	6	49	78.04	97	100.0	100.0	100.0	96.99	0.0
2	47656881	47657080	MSH2	NM_000251.2	7	37	87.81	129	100.0	100.0	100.0	81.41	45.73
2	47672687	47672796	MSH2	NM_000251.2	8	72	93.83	111	100.0	100.0	100.0	100.0	26.61
2	47690170	47690293	MSH2	NM_000251.2	9	55	92.46	111	100.0	100.0	100.0	100.0	40.65
2	47693797	47693947	MSH2	NM_000251.2	10	68	106.29	132	100.0	100.0	100.0	100.0	60.67
2	47698104	47698201	MSH2	NM_000251.2	11	97	116.38	137	100.0	100.0	100.0	100.0	89.69
2	47702164	47702409	MSH2	NM_000251.2	12	37	78.0	101	100.0	100.0	100.0	96.33	0.82
2	47703506	47703710	MSH2	NM_000251.2	13	50	81.94	103	100.0	100.0	100.0	100.0	6.37
2	47705411	47705658	MSH2	NM_000251.2	14	58	101.09	125	100.0	100.0	100.0	100.0	63.16
2	47707835	47708010	MSH2	NM_000251.2	15	62	108.44	140	100.0	100.0	100.0	100.0	60.57
2	47709918	47710088	MSH2	NM_000251.2	16	41	82.89	117	100.0	100.0	100.0	86.47	30.59
2	48010373	48010632	MSH6	NM_000179.2	1	21	28.66	39	100.0	100.0	30.5	0.0	0.0
2	48018066	48018262	MSH6	NM_000179.2	2	37	68.08	87	100.0	100.0	100.0	79.08	0.0
2	48023033	48023202	MSH6	NM_000179.2	3	59	91.64	114	100.0	100.0	100.0	100.0	37.28
2	48025750	48028294	MSH6	NM_000179.2	4	47	84.89	125	100.0	100.0	100.0	98.86	25.35
2	48030559	48030824	MSH6	NM_000179.2	5	47	111.71	147	100.0	100.0	100.0	98.87	64.91
2	48032049	48032166	MSH6	NM_000179.2	6	38	65.46	83	100.0	100.0	100.0	93.16	0.0
2	48032757	48032846	MSH6	NM_000179.2	7	61	82.58	93	100.0	100.0	100.0	100.0	0.0
2	48033343	48033497	MSH6	NM_000179.2	8	61	107.87	133	100.0	100.0	100.0	100.0	68.83
2	48033591	48033790	MSH6	NM_000179.2	9	47	77.89	92	100.0	100.0	100.0	98.49	0.0
2	48033918	48033999	MSH6	NM_000179.2	10	30	67.26	100	100.0	100.0	98.77	66.67	0.0
2	96930876	96931119	TMEM127	NM_017849.3	2	1	31.4	63	75.31	57.2	48.15	28.81	0.0
2	96920571	96920735	TMEM127	NM_017849.3	3	49	76.98	101	100.0	100.0	100.0	97.56	0.61
2	96919546	96919853	TMEM127	NM_017849.3	4	34	52.54	72	100.0	100.0	100.0	48.21	0.0
3	10183532	10183871	VHL	NM_000551.3	1	29	76.87	134	100.0	100.0	96.17	78.17	29.79
3	10188198	10188320	VHL	NM_000551.3	2	95	127.76	150	100.0	100.0	100.0	100.0	92.62
3	10191471	10191649	VHL	NM_000551.3	3	32	67.65	112	100.0	100.0	100.0	76.4	14.61
3	37035039	37035154	MLH1	NM_000249.3	1	51	79.65	100	100.0	100.0	100.0	100.0	0.0
3	37038110	37038200	MLH1	NM_000249.3	2	100	123.87	142	100.0	100.0	100.0	100.0	96.67
3	37042446	37042544	MLH1	NM_000249.3	3	56	88.93	105	100.0	100.0	100.0	100.0	21.43
3	37045892	37045965	MLH1	NM_000249.3	4	74	94.32	101	100.0	100.0	100.0	100.0	8.22
3	37048482	37048554	MLH1	NM_000249.3	5	84	93.28	104	100.0	100.0	100.0	100.0	19.44
3	37050305	37050396	MLH1	NM_000249.3	6	72	94.53	107	100.0	100.0	100.0	100.0	37.36
3	37053311	37053353	MLH1	NM_000249.3	7	97	131.43	142	100.0	100.0	100.0	100.0	92.86
3	37053502	37053590	MLH1	NM_000249.3	8	80	101.75	118	100.0	100.0	100.0	100.0	51.14
3	37055923	37056035	MLH1	NM_000249.3	9	62	105.26	131	100.0	100.0	100.0	100.0	66.96
3	37058997	37059090	MLH1	NM_000249.3	10	106	137.77	154	100.0	100.0	100.0	100.0	100.0
3	37061801	37061954	MLH1	NM_000249.3	11	22	43.63	57	100.0	100.0	89.54	35.95	0.0
3	37067128	37067498	MLH1	NM_000249.3	12	15	44.83	61	100.0	96.22	93.24	14.86	0.0
3	37070275	37070423	MLH1	NM_000249.3	13	102	151.41	192	100.0	100.0	100.0	100.0	100.0
3	37081677	37081785	MLH1	NM_000249.3	14	68	84.94	97	100.0	100.0	100.0	100.0	0.0
3	37083759	37083822	MLH1	NM_000249.3	15	62	85.78	94	100.0	100.0	100.0	100.0	0.0
3	37089010	37089174	MLH1	NM_000249.3	16	37	68.09	88	100.0	100.0	100.0	92.68	0.0
3	37090008	37090100	MLH1	NM_000249.3	17	72	89.29	107	100.0	100.0	100.0	100.0	14.13
3	37090395	37090508	MLH1	NM_000249.3	18	68	99.31	126	100.0	100.0	100.0	100.0	45.13
3	37091977	37092144	MLH1	NM_000249.3	19	39	58.07	69	100.0	100.0	100.0	85.63	0.0
5	218471	218533	SDHA	NM_004168.3	1	4	13.97	19	72.58	0.0	0.0	0.0	0.0
5	223597	223683	SDHA	NM_004168.3	2	67	86.38	101	100.0	100.0	100.0	100.0	1.16
5	224475	224636	SDHA	NM_004168.3	3	41	75.45	96	100.0	100.0	100.0	88.2	0.0
5	225534	225677	SDHA	NM_004168.3	4	54	93.42	119	100.0	100.0	100.0	100.0	51.05
5	225998	226162	SDHA	NM_004168.3	5	38	77.77	98	100.0	100.0	100.0	93.29	0.0
5	228300	228448	SDHA	NM_004168.3	6	37	72.47	98	100.0	100.0	100.0	83.11	0.0
5	230991	231115	SDHA	NM_004168.3	7	29	48.19	63	100.0	100.0	95.97	46.77	0.0
5	233592	233760	SDHA	NM_004168.3	8	32	55.68	72	100.0	100.0	100.0	68.45	0.0
5	235259	235454	SDHA	NM_004168.3	9	22	45.95	64	100.0	100.0	85.64	44.1	0.0
5	236543	236714	SDHA	NM_004168.3	10	43	66.82	89	100.0	100.0	100.0	79.53	0.0
5	240473	240591	SDHA	NM_004168.3	11	53	86.1	105	100.0	100.0	100.0	100.0	22.88
5	251107	251218	SDHA	NM_004168.3	12	73	104.05	118	100.0	100.0	100.0	100.0	69.37
5	251453	251583	SDHA	NM_004168.3	13	64	110.55	137	100.0	100.0	100.0	100.0	66.15
5	254508	254621	SDHA	NM_004168.3	14	31	49.18	58	100.0	100.0	100.0	64.6	0.0
5	256449	256535	SDHA	NM_004168.3	15	39	72.67	88	100.0	100.0	100.0	88.37	0.0
5	112090588	112090722	APC	NM_000038.5	2	88	111.23	137	100.0	100.0	100.0	100.0	73.13
5	112102023	112102107	APC	NM_000038.5	3	55	62.33	71	100.0	100.0	100.0	100.0	0.0
5	112102886	112103087	APC	NM_000038.5	4	44	81.23	107	100.0	100.0	100.0	98.01	4.98
5	112111326	112111434	APC	NM_000038.5	5	54	90.14	110	100.0	100.0	100.0	100.0	37.04
5	112116487	112116600	APC	NM_000038.5	6	62	85.49	100	100.0	100.0	100.0	100.0	0.0
5	112128143	112128226	APC	NM_000038.5	7	47	58.4	66	100.0	100.0	100.0	96.39	0.0
5	112136976	112137080	APC	NM_000038.5	8	65	92.58	113	100.0	100.0	100.0	100.0	36.54
5	112151192	112151290	APC	NM_000038.5	9	65	85.18	104	100.0	100.0	100.0	100.0	5.1
5	112154663	112155041	APC	NM_000038.5	10	21	61.67	89	100.0	100.0	94.44	85.45	0.0
5	112157593	112157688	APC	NM_000038.5	11	66	87.51	104	100.0	100.0	100.0	100.0	33.68
5	112162805	112162944	APC	NM_000038.5	12	33	70.86	91	100.0	100.0	100.0	97.12	0.0
5	112163626	112163703	APC	NM_000038.5	13	55	88.77	96	100.0	100.0	100.0	100.0	0.0
5	112164553	112164669	APC	NM_000038.5	14	53	76.41	95	100.0	100.0	100.0	100.0	0.0
5	112170648	112170862	APC	NM_000038.5	15	44	85.13	107	100.0	100.0	100.0	94.39	25.7
5	112173250	112179823	APC	NM_000038.5	16	32	78.66	175	100.0	100.0	100.0	94.19	11.81
7	6048628	6048650	PMS2	NM_000535.6	1	71	74.68	85	100.0	100.0	100.0	100.0	0.0
7	6045523	6045662	PMS2	NM_000535.6	2	55	78.51	99	100.0	100.0	100.0	100.0	0.0
7	6043603	6043689	PMS2	NM_000535.6	3	80	124.91	140	100.0	100.0	100.0	100.0	84.88
7	6043321	6043423	PMS2	NM_000535.6	4	80	103.81	117	100.0	100.0	100.0	100.0	69.61
7	6042084	6042267	PMS2	NM_000535.6	5	39	60.01	72	100.0	100.0	100.0	80.87	0.0
7	6038739	6038906	PMS2	NM_000535.6	6	40	73.82	98	100.0	100.0	100.0	86.83	0.0
7	6036957	6037054	PMS2	NM_000535.6	7	39	73.99	91	100.0	100.0	100.0	89.69	0.0
7	6035165	6035264	PMS2	NM_000535.6	8	69	98.55	123	100.0	100.0	100.0	100.0	51.52
7	6031604	6031688	PMS2	NM_000535.6	9	88	101.38	114	100.0	100.0	100.0	100.0	47.62
7	6029431	6029586	PMS2	NM_000535.6	10	45	91.82	114	100.0	100.0	100.0	97.42	37.42
7	6026390	6027251	PMS2	NM_000535.6	11	50	78.61	99	100.0	100.0	100.0	99.88	0.0
7	6022455	6022622	PMS2	NM_000535.6	12	10	22.09	31	99.4	65.87	0.6	0.0	0.0
7	6018227	6018327	PMS2	NM_000535.6	13	60	103.88	118	100.0	100.0	100.0	100.0	73.0
7	6017219	6017388	PMS2	NM_000535.6	14	15	26.78	36	100.0	82.25	36.69	0.0	0.0
7	6013030	6013173	PMS2	NM_000535.6	15	4	17.71	45	60.14	49.65	7.69	0.0	0.0
9	135804154	135804259	TSC1	NM_000368.4	3	37	75.0	99	100.0	100.0	100.0	75.24	0.0
9	135802588	135802691	TSC1	NM_000368.4	4	64	91.75	110	100.0	100.0	100.0	100.0	26.21
9	135800974	135801126	TSC1	NM_000368.4	5	45	84.14	107	100.0	100.0	100.0	98.03	21.05
9	135798735	135798879	TSC1	NM_000368.4	6	56	79.83	99	100.0	100.0	100.0	100.0	0.0
9	135797206	135797360	TSC1	NM_000368.4	7	45	84.93	106	100.0	100.0	100.0	96.1	27.92
9	135796750	135796823	TSC1	NM_000368.4	8	72	85.22	93	100.0	100.0	100.0	100.0	0.0
9	135787669	135787844	TSC1	NM_000368.4	9	30	62.71	83	100.0	100.0	99.43	81.71	0.0
9	135786840	135786955	TSC1	NM_000368.4	10	84	115.82	134	100.0	100.0	100.0	100.0	81.74
9	135786389	135786500	TSC1	NM_000368.4	11	67	97.86	115	100.0	100.0	100.0	100.0	51.35
9	135785958	135786079	TSC1	NM_000368.4	12	20	48.02	61	100.0	100.0	91.74	49.59	0.0
9	135782688	135782757	TSC1	NM_000368.4	13	65	93.59	111	100.0	100.0	100.0	100.0	59.42
9	135782118	135782222	TSC1	NM_000368.4	14	79	96.0	113	100.0	100.0	100.0	100.0	36.54
9	135780968	135781526	TSC1	NM_000368.4	15	33	54.25	86	100.0	100.0	100.0	46.42	0.0
9	135779798	135779841	TSC1	NM_000368.4	16	65	69.65	74	100.0	100.0	100.0	100.0	0.0
9	135779038	135779204	TSC1	NM_000368.4	17	45	69.97	89	100.0	100.0	100.0	94.58	0.0
9	135777992	135778174	TSC1	NM_000368.4	18	59	81.98	103	100.0	100.0	100.0	100.0	10.44
9	135776976	135777086	TSC1	NM_000368.4	19	42	75.39	93	100.0	100.0	100.0	81.82	0.0
9	135776102	135776224	TSC1	NM_000368.4	20	76	95.61	109	100.0	100.0	100.0	100.0	36.07
9	135772810	135772997	TSC1	NM_000368.4	21	48	85.36	108	100.0	100.0	100.0	99.47	24.6
9	135772571	135772732	TSC1	NM_000368.4	22	70	113.61	137	100.0	100.0	100.0	100.0	77.64
9	135771622	135772141	TSC1	NM_000368.4	23	37	71.09	91	100.0	100.0	100.0	93.26	0.0
10	43572707	43572779	RET	NM_020975.4	1	4	6.29	7	0.0	0.0	0.0	0.0	0.0
10	43595907	43596170	RET	NM_020975.4	2	24	38.65	51	100.0	100.0	87.83	1.14	0.0
10	43597790	43598077	RET	NM_020975.4	3	36	56.3	71	100.0	100.0	100.0	86.76	0.0
10	43600400	43600641	RET	NM_020975.4	4	34	55.32	76	100.0	100.0	100.0	56.43	0.0
10	43601824	43602019	RET	NM_020975.4	5	19	53.57	73	100.0	98.46	84.62	62.56	0.0
10	43604479	43604678	RET	NM_020975.4	6	33	53.11	70	100.0	100.0	100.0	61.31	0.0
10	43606655	43606913	RET	NM_020975.4	7	35	47.25	64	100.0	100.0	100.0	39.53	0.0
10	43607547	43607672	RET	NM_020975.4	8	78	105.82	130	100.0	100.0	100.0	100.0	61.6
10	43608301	43608411	RET	NM_020975.4	9	56	69.44	87	100.0	100.0	100.0	100.0	0.0
10	43609004	43609123	RET	NM_020975.4	10	35	74.76	92	100.0	100.0	100.0	80.67	0.0
10	43609928	43610184	RET	NM_020975.4	11	22	47.34	65	100.0	100.0	89.84	41.8	0.0
10	43612032	43612179	RET	NM_020975.4	12	41	64.61	83	100.0	100.0	100.0	84.35	0.0
10	43613821	43613928	RET	NM_020975.4	13	25	30.71	36	100.0	100.0	51.4	0.0	0.0
10	43614979	43615193	RET	NM_020975.4	14	24	63.59	82	100.0	100.0	93.93	81.31	0.0
10	43615529	43615651	RET	NM_020975.4	15	118	154.32	181	100.0	100.0	100.0	100.0	100.0
10	43617394	43617464	RET	NM_020975.4	16	115	137.63	148	100.0	100.0	100.0	100.0	100.0
10	43619119	43619256	RET	NM_020975.4	17	45	61.34	75	100.0	100.0	100.0	83.94	0.0
10	43620331	43620430	RET	NM_020975.4	18	63	80.26	88	100.0	100.0	100.0	100.0	0.0
10	43622023	43622170	RET	NM_020975.4	19	55	84.25	108	100.0	100.0	100.0	100.0	10.88
10	43623560	43623717	RET	NM_020975.4	20	28	76.15	98	100.0	100.0	98.73	81.53	0.0
10	88635776	88635842	BMPR1A	NM_004329.2	3	76	89.86	111	100.0	100.0	100.0	100.0	21.21
10	88649819	88649981	BMPR1A	NM_004329.2	4	60	123.1	161	100.0	100.0	100.0	100.0	72.84
10	88651884	88651986	BMPR1A	NM_004329.2	5	85	106.95	125	100.0	100.0	100.0	100.0	71.57
10	88659551	88659647	BMPR1A	NM_004329.2	6	56	76.72	89	100.0	100.0	100.0	100.0	0.0
10	88659784	88659883	BMPR1A	NM_004329.2	7	62	102.95	127	100.0	100.0	100.0	100.0	65.66
10	88671997	88672141	BMPR1A	NM_004329.2	8	65	104.44	125	100.0	100.0	100.0	100.0	64.58
10	88676891	88677083	BMPR1A	NM_004329.2	9	52	73.3	93	100.0	100.0	100.0	100.0	0.0
10	88678929	88679226	BMPR1A	NM_004329.2	10	39	64.43	84	100.0	100.0	100.0	91.58	0.0
10	88681277	88681452	BMPR1A	NM_004329.2	11	27	62.9	88	100.0	100.0	94.29	72.57	0.0
10	88683133	88683263	BMPR1A	NM_004329.2	12	97	138.08	165	100.0	100.0	100.0	100.0	91.54
10	88683351	88683476	BMPR1A	NM_004329.2	13	78	92.35	105	100.0	100.0	100.0	100.0	13.6
10	89624227	89624305	PTEN	NM_000314.6	1	57	83.73	92	100.0	100.0	100.0	100.0	0.0
10	89653782	89653866	PTEN	NM_000314.6	2	79	115.62	131	100.0	100.0	100.0	100.0	88.1
10	89685270	89685314	PTEN	NM_000314.6	3	75	96.52	103	100.0	100.0	100.0	100.0	47.73
10	89690803	89690846	PTEN	NM_000314.6	4	139	151.86	155	100.0	100.0	100.0	100.0	100.0
10	89692770	89693008	PTEN	NM_000314.6	5	49	100.18	132	100.0	100.0	100.0	99.16	67.23
10	89711875	89712016	PTEN	NM_000314.6	6	47	79.82	105	100.0	100.0	100.0	92.91	8.51
10	89717610	89717776	PTEN	NM_000314.6	7	52	92.96	126	100.0	100.0	100.0	100.0	45.18
10	89720651	89720875	PTEN	NM_000314.6	8	20	102.03	150	100.0	98.21	91.52	86.16	54.02
10	89725044	89725229	PTEN	NM_000314.6	9	40	58.02	69	100.0	100.0	100.0	85.41	0.0
11	61197619	61197654	SDHAF2	NM_017841.2	1	45	49.2	54	100.0	100.0	100.0	31.43	0.0
11	61205097	61205320	SDHAF2	NM_017841.2	2	24	53.34	71	100.0	100.0	88.34	65.47	0.0
11	61205476	61205585	SDHAF2	NM_017841.2	3	69	94.98	118	100.0	100.0	100.0	100.0	44.95
11	61213413	61213543	SDHAF2	NM_017841.2	4	44	82.09	100	100.0	100.0	100.0	100.0	0.0
11	64577137	64577581	MEN1	NM_130799.2	2	49	80.71	115	100.0	100.0	100.0	99.32	7.88
11	64575363	64575571	MEN1	NM_130799.2	3	65	118.33	146	100.0	100.0	100.0	100.0	75.48
11	64575024	64575152	MEN1	NM_130799.2	4	45	64.19	83	100.0	100.0	100.0	83.59	0.0
11	64574651	64574691	MEN1	NM_130799.2	5	26	31.88	36	100.0	100.0	60.0	0.0	0.0
11	64574483	64574570	MEN1	NM_130799.2	6	34	48.15	54	100.0	100.0	100.0	43.68	0.0
11	64573704	64573840	MEN1	NM_130799.2	7	48	72.12	89	100.0	100.0	100.0	95.59	0.0
11	64573107	64573242	MEN1	NM_130799.2	8	49	60.56	71	100.0	100.0	100.0	97.78	0.0
11	64572506	64572670	MEN1	NM_130799.2	9	49	86.54	108	100.0	100.0	100.0	97.56	37.2
11	64571806	64572288	MEN1	NM_130799.2	10	26	45.06	63	100.0	100.0	93.78	31.54	0.0
11	67250630	67250728	AIP	NM_003977.3	1	56	64.4	71	100.0	100.0	100.0	100.0	0.0
11	67254477	67254656	AIP	NM_003977.3	2	51	103.47	130	100.0	100.0	100.0	100.0	57.54
11	67256738	67256926	AIP	NM_003977.3	3	32	66.39	90	100.0	100.0	100.0	88.3	0.0
11	67257509	67257685	AIP	NM_003977.3	4	52	76.07	98	100.0	100.0	100.0	100.0	0.0
11	67257787	67257928	AIP	NM_003977.3	5	47	70.85	89	100.0	100.0	100.0	96.45	0.0
11	67258259	67258464	AIP	NM_003977.3	6	34	59.97	78	100.0	100.0	100.0	82.93	0.0
11	111957632	111957683	SDHD	NM_003002.3	1	55	80.02	96	100.0	100.0	100.0	100.0	0.0
11	111958581	111958697	SDHD	NM_003002.3	2	61	85.28	105	100.0	100.0	100.0	100.0	14.66
11	111959591	111959735	SDHD	NM_003002.3	3	62	106.97	133	100.0	100.0	100.0	100.0	59.03
11	111965529	111965694	SDHD	NM_003002.3	4	16	43.78	57	100.0	93.33	87.27	17.58	0.0
12	12870774	12871248	CDKN1B	NM_004064.4	1	40	50.82	68	100.0	100.0	100.0	53.59	0.0
12	12871759	12871880	CDKN1B	NM_004064.4	2	60	89.26	109	100.0	100.0	100.0	100.0	31.4
12	133263840	133263901	POLE	NM_006231.3	1	14	22.28	35	100.0	72.13	11.48	0.0	0.0
12	133257724	133257865	POLE	NM_006231.3	2	33	61.18	78	100.0	100.0	100.0	73.05	0.0
12	133257193	133257273	POLE	NM_006231.3	3	100	125.12	146	100.0	100.0	100.0	100.0	88.75
12	133256764	133256808	POLE	NM_006231.3	4	79	87.2	92	100.0	100.0	100.0	100.0	0.0
12	133256540	133256632	POLE	NM_006231.3	5	103	124.08	138	100.0	100.0	100.0	100.0	100.0
12	133256083	133256237	POLE	NM_006231.3	6	37	66.21	88	100.0	100.0	100.0	75.32	0.0
12	133254164	133254305	POLE	NM_006231.3	7	76	115.89	150	100.0	100.0	100.0	100.0	77.3
12	133253949	133254029	POLE	NM_006231.3	8	104	121.42	129	100.0	100.0	100.0	100.0	100.0
12	133253132	133253239	POLE	NM_006231.3	9	98	120.24	135	100.0	100.0	100.0	100.0	98.13
12	133252680	133252790	POLE	NM_006231.3	10	121	157.51	180	100.0	100.0	100.0	100.0	100.0
12	133252321	133252406	POLE	NM_006231.3	11	79	93.95	105	100.0	100.0	100.0	100.0	32.94
12	133251984	133252103	POLE	NM_006231.3	12	58	86.33	107	100.0	100.0	100.0	100.0	10.92
12	133250161	133250293	POLE	NM_006231.3	13	42	64.31	75	100.0	100.0	100.0	90.15	0.0
12	133249750	133249863	POLE	NM_006231.3	14	68	97.48	118	100.0	100.0	100.0	100.0	48.67
12	133249213	133249425	POLE	NM_006231.3	15	28	58.57	73	100.0	100.0	98.58	80.19	0.0
12	133248801	133248908	POLE	NM_006231.3	16	55	71.17	84	100.0	100.0	100.0	100.0	0.0
12	133245397	133245525	POLE	NM_006231.3	17	70	95.47	106	100.0	100.0	100.0	100.0	39.84
12	133245221	133245323	POLE	NM_006231.3	18	50	55.27	66	100.0	100.0	100.0	100.0	0.0
12	133244942	133245088	POLE	NM_006231.3	19	47	56.35	66	100.0	100.0	100.0	75.34	0.0
12	133244089	133244234	POLE	NM_006231.3	20	60	96.9	120	100.0	100.0	100.0	100.0	50.34
12	133241888	133242036	POLE	NM_006231.3	21	62	83.27	103	100.0	100.0	100.0	100.0	6.08
12	133240956	133241048	POLE	NM_006231.3	22	74	90.05	98	100.0	100.0	100.0	100.0	0.0
12	133240590	133240734	POLE	NM_006231.3	23	47	96.6	119	100.0	100.0	100.0	98.61	54.86
12	133238113	133238270	POLE	NM_006231.3	24	41	69.5	88	100.0	100.0	100.0	92.99	0.0
12	133237555	133237750	POLE	NM_006231.3	25	32	67.86	91	100.0	100.0	100.0	79.49	0.0
12	133235881	133236095	POLE	NM_006231.3	26	37	74.78	104	100.0	100.0	100.0	87.38	0.93
12	133234454	133234556	POLE	NM_006231.3	27	52	68.21	75	100.0	100.0	100.0	100.0	0.0
12	133233935	133234015	POLE	NM_006231.3	28	54	60.14	65	100.0	100.0	100.0	100.0	0.0
12	133233722	133233844	POLE	NM_006231.3	29	90	120.02	138	100.0	100.0	100.0	100.0	87.7
12	133226263	133226475	POLE	NM_006231.3	30	18	46.61	71	100.0	91.51	73.11	54.25	0.0
12	133225892	133226101	POLE	NM_006231.3	31	29	55.06	71	100.0	100.0	96.17	63.16	0.0
12	133225515	133225658	POLE	NM_006231.3	32	27	48.03	60	100.0	100.0	89.51	51.05	0.0
12	133220423	133220563	POLE	NM_006231.3	33	28	40.01	50	100.0	100.0	82.14	0.0	0.0
12	133219993	133220146	POLE	NM_006231.3	34	54	91.37	112	100.0	100.0	100.0	100.0	45.1
12	133219810	133219916	POLE	NM_006231.3	35	48	73.9	87	100.0	100.0	100.0	98.11	0.0
12	133219406	133219582	POLE	NM_006231.3	36	48	73.44	91	100.0	100.0	100.0	93.75	0.0
12	133219092	133219315	POLE	NM_006231.3	37	36	46.29	62	100.0	100.0	100.0	28.7	0.0
12	133218763	133218983	POLE	NM_006231.3	38	39	72.1	88	100.0	100.0	100.0	94.55	0.0
12	133218233	133218437	POLE	NM_006231.3	39	35	52.89	68	100.0	100.0	100.0	63.24	0.0
12	133215711	133215884	POLE	NM_006231.3	40	45	95.47	131	100.0	100.0	100.0	93.06	50.87
12	133214600	133214725	POLE	NM_006231.3	41	61	101.91	124	100.0	100.0	100.0	100.0	62.4
12	133212478	133212610	POLE	NM_006231.3	42	87	119.91	140	100.0	100.0	100.0	100.0	95.45
12	133210772	133210964	POLE	NM_006231.3	43	79	112.38	131	100.0	100.0	100.0	100.0	78.65
12	133209250	133209381	POLE	NM_006231.3	44	73	99.79	114	100.0	100.0	100.0	100.0	53.44
12	133208901	133209094	POLE	NM_006231.3	45	67	93.45	109	100.0	100.0	100.0	100.0	31.09
12	133202703	133202903	POLE	NM_006231.3	46	47	92.77	119	100.0	100.0	100.0	96.0	47.0
12	133202231	133202356	POLE	NM_006231.3	47	72	96.67	114	100.0	100.0	100.0	100.0	40.0
12	133201491	133201580	POLE	NM_006231.3	48	81	88.72	101	100.0	100.0	100.0	100.0	1.12
12	133201283	133201396	POLE	NM_006231.3	49	63	76.82	95	100.0	100.0	100.0	100.0	0.0
13	32890598	32890664	BRCA2	NM_000059.3	2	108	134.55	151	100.0	100.0	100.0	100.0	100.0
13	32893214	32893462	BRCA2	NM_000059.3	3	47	86.25	109	100.0	100.0	100.0	97.58	17.74
13	32899213	32899321	BRCA2	NM_000059.3	4	115	146.58	170	100.0	100.0	100.0	100.0	100.0
13	32900238	32900287	BRCA2	NM_000059.3	5	57	89.51	106	100.0	100.0	100.0	100.0	14.29
13	32900379	32900419	BRCA2	NM_000059.3	6	118	123.9	130	100.0	100.0	100.0	100.0	100.0
13	32900636	32900750	BRCA2	NM_000059.3	7	82	130.49	155	100.0	100.0	100.0	100.0	85.09
13	32903580	32903629	BRCA2	NM_000059.3	8	76	84.65	88	100.0	100.0	100.0	100.0	0.0
13	32905056	32905167	BRCA2	NM_000059.3	9	87	98.27	110	100.0	100.0	100.0	100.0	43.24
13	32906409	32907524	BRCA2	NM_000059.3	10	47	74.17	104	100.0	100.0	100.0	96.59	0.72
13	32910402	32915333	BRCA2	NM_000059.3	11	29	65.83	109	100.0	100.0	99.86	82.54	0.63
13	32918695	32918790	BRCA2	NM_000059.3	12	71	87.24	98	100.0	100.0	100.0	100.0	0.0
13	32920964	32921033	BRCA2	NM_000059.3	13	86	118.03	130	100.0	100.0	100.0	100.0	89.86
13	32928998	32929425	BRCA2	NM_000059.3	14	46	87.22	116	100.0	100.0	100.0	98.36	25.29
13	32930565	32930746	BRCA2	NM_000059.3	15	46	75.43	97	100.0	100.0	100.0	95.03	0.0
13	32931879	32932066	BRCA2	NM_000059.3	16	62	108.18	138	100.0	100.0	100.0	100.0	71.12
13	32936660	32936830	BRCA2	NM_000059.3	17	63	107.62	137	100.0	100.0	100.0	100.0	63.53
13	32937316	32937670	BRCA2	NM_000059.3	18	30	108.64	154	100.0	100.0	98.87	91.24	61.02
13	32944539	32944694	BRCA2	NM_000059.3	19	50	104.01	134	100.0	100.0	100.0	99.35	53.55
13	32945093	32945237	BRCA2	NM_000059.3	20	98	136.62	164	100.0	100.0	100.0	100.0	98.61
13	32950807	32950928	BRCA2	NM_000059.3	21	61	90.05	113	100.0	100.0	100.0	100.0	28.1
13	32953454	32953652	BRCA2	NM_000059.3	22	44	84.74	115	100.0	100.0	100.0	96.97	39.9
13	32953887	32954050	BRCA2	NM_000059.3	23	60	87.23	105	100.0	100.0	100.0	100.0	14.72
13	32954144	32954282	BRCA2	NM_000059.3	24	48	77.88	100	100.0	100.0	100.0	97.1	0.0
13	32968826	32969070	BRCA2	NM_000059.3	25	56	76.82	92	100.0	100.0	100.0	100.0	0.0
13	32971035	32971181	BRCA2	NM_000059.3	26	43	96.68	133	100.0	100.0	100.0	97.95	47.95
13	32972299	32972907	BRCA2	NM_000059.3	27	36	69.45	118	100.0	100.0	100.0	91.94	10.53
14	65569022	65569057	MAX	NM_002382.4	1	37	49.14	55	100.0	100.0	100.0	40.0	0.0
14	65568264	65568290	MAX	NM_002382.4	2	202	210.15	216	100.0	100.0	100.0	100.0	100.0
14	65560426	65560533	MAX	NM_002382.4	3	72	94.98	109	100.0	100.0	100.0	100.0	37.38
14	65544631	65544754	MAX	NM_002382.4	4	66	99.35	122	100.0	100.0	100.0	100.0	58.54
14	65543194	65543381	MAX	NM_002382.4	5	43	56.71	71	100.0	100.0	100.0	79.68	0.0
15	33022892	33023446	GREM1	NM_013372.6	2	36	74.82	108	100.0	100.0	100.0	97.29	6.32
16	2098617	2098754	TSC2	NM_000548.4	2	52	86.72	105	100.0	100.0	100.0	100.0	12.41
16	2100401	2100487	TSC2	NM_000548.4	3	74	101.4	113	100.0	100.0	100.0	100.0	77.91
16	2103343	2103453	TSC2	NM_000548.4	4	48	65.77	76	100.0	100.0	100.0	97.27	0.0
16	2104297	2104441	TSC2	NM_000548.4	5	42	75.56	94	100.0	100.0	100.0	92.36	0.0
16	2105403	2105520	TSC2	NM_000548.4	6	77	112.16	133	100.0	100.0	100.0	100.0	74.36
16	2106197	2106245	TSC2	NM_000548.4	7	98	108.52	113	100.0	100.0	100.0	100.0	95.83
16	2106645	2106770	TSC2	NM_000548.4	8	59	88.68	107	100.0	100.0	100.0	100.0	11.2
16	2107106	2107179	TSC2	NM_000548.4	9	59	64.33	69	100.0	100.0	100.0	100.0	0.0
16	2108748	2108874	TSC2	NM_000548.4	10	38	52.46	61	100.0	100.0	100.0	68.25	0.0
16	2110671	2110814	TSC2	NM_000548.4	11	47	66.29	81	100.0	100.0	100.0	94.41	0.0
16	2111872	2112009	TSC2	NM_000548.4	12	51	82.25	101	100.0	100.0	100.0	100.0	5.84
16	2112498	2112601	TSC2	NM_000548.4	13	31	47.08	56	100.0	100.0	100.0	52.43	0.0
16	2112973	2113054	TSC2	NM_000548.4	14	69	87.23	96	100.0	100.0	100.0	100.0	0.0
16	2114273	2114428	TSC2	NM_000548.4	15	43	60.32	72	100.0	100.0	100.0	81.94	0.0
16	2115520	2115636	TSC2	NM_000548.4	16	52	74.29	88	100.0	100.0	100.0	100.0	0.0
16	2120457	2120579	TSC2	NM_000548.4	17	58	90.71	110	100.0	100.0	100.0	100.0	35.25
16	2121511	2121617	TSC2	NM_000548.4	18	68	79.04	93	100.0	100.0	100.0	100.0	0.0
16	2121785	2121935	TSC2	NM_000548.4	19	32	54.05	74	100.0	100.0	100.0	63.33	0.0
16	2122242	2122364	TSC2	NM_000548.4	20	77	112.18	139	100.0	100.0	100.0	100.0	70.49
16	2122850	2122984	TSC2	NM_000548.4	21	32	43.88	56	100.0	100.0	100.0	23.88	0.0
16	2124201	2124390	TSC2	NM_000548.4	22	21	49.58	67	100.0	100.0	89.42	57.14	0.0
16	2125800	2125893	TSC2	NM_000548.4	23	84	99.28	115	100.0	100.0	100.0	100.0	55.91
16	2126069	2126171	TSC2	NM_000548.4	24	79	103.91	117	100.0	100.0	100.0	100.0	66.67
16	2126492	2126586	TSC2	NM_000548.4	25	68	79.07	86	100.0	100.0	100.0	100.0	0.0
16	2127599	2127727	TSC2	NM_000548.4	26	74	112.58	133	100.0	100.0	100.0	100.0	70.31
16	2129033	2129197	TSC2	NM_000548.4	27	69	98.52	117	100.0	100.0	100.0	100.0	50.0
16	2129277	2129429	TSC2	NM_000548.4	28	40	58.28	70	100.0	100.0	100.0	76.97	0.0
16	2129558	2129670	TSC2	NM_000548.4	29	75	108.58	127	100.0	100.0	100.0	100.0	66.07
16	2130166	2130378	TSC2	NM_000548.4	30	39	65.92	85	100.0	100.0	100.0	80.66	0.0
16	2131596	2131799	TSC2	NM_000548.4	31	18	38.1	60	100.0	86.7	60.1	27.09	0.0
16	2132437	2132505	TSC2	NM_000548.4	32	37	41.43	46	100.0	100.0	100.0	0.0	0.0
16	2133696	2133817	TSC2	NM_000548.4	33	56	85.0	98	100.0	100.0	100.0	100.0	0.0
16	2134229	2134716	TSC2	NM_000548.4	34	36	67.77	101	100.0	100.0	100.0	94.46	0.21
16	2134952	2135027	TSC2	NM_000548.4	35	106	116.39	125	100.0	100.0	100.0	100.0	100.0
16	2135231	2135323	TSC2	NM_000548.4	36	85	104.34	117	100.0	100.0	100.0	100.0	64.13
16	2136194	2136380	TSC2	NM_000548.4	37	36	56.39	76	100.0	100.0	100.0	65.05	0.0
16	2136733	2136872	TSC2	NM_000548.4	38	80	111.88	133	100.0	100.0	100.0	100.0	83.45
16	2137864	2137942	TSC2	NM_000548.4	39	90	109.12	123	100.0	100.0	100.0	100.0	76.92
16	2138049	2138140	TSC2	NM_000548.4	40	93	121.97	137	100.0	100.0	100.0	100.0	91.21
16	2138228	2138326	TSC2	NM_000548.4	41	54	69.08	80	100.0	100.0	100.0	100.0	0.0
16	2138447	2138611	TSC2	NM_000548.4	42	44	50.26	58	100.0	100.0	100.0	48.78	0.0
16	23652431	23652478	PALB2	NM_024675.3	1	19	24.6	27	100.0	82.98	0.0	0.0	0.0
16	23649391	23649450	PALB2	NM_024675.3	2	97	103.44	114	100.0	100.0	100.0	100.0	72.88
16	23649171	23649273	PALB2	NM_024675.3	3	75	98.55	109	100.0	100.0	100.0	100.0	54.9
16	23646183	23647655	PALB2	NM_024675.3	4	46	72.78	122	100.0	100.0	100.0	98.03	8.49
16	23640961	23641790	PALB2	NM_024675.3	5	35	81.42	118	100.0	100.0	100.0	93.61	20.02
16	23640525	23640596	PALB2	NM_024675.3	6	98	114.2	129	100.0	100.0	100.0	100.0	94.37
16	23637557	23637718	PALB2	NM_024675.3	7	56	97.3	123	100.0	100.0	100.0	100.0	56.52
16	23635330	23635415	PALB2	NM_024675.3	8	49	91.92	106	100.0	100.0	100.0	95.29	52.94
16	23634290	23634451	PALB2	NM_024675.3	9	44	78.6	100	100.0	100.0	100.0	94.41	0.0
16	23632683	23632799	PALB2	NM_024675.3	10	66	91.26	112	100.0	100.0	100.0	100.0	25.0
16	23625325	23625412	PALB2	NM_024675.3	11	82	99.31	112	100.0	100.0	100.0	100.0	49.43
16	23619185	23619333	PALB2	NM_024675.3	12	32	66.16	90	100.0	100.0	100.0	75.68	0.0
16	23614780	23614990	PALB2	NM_024675.3	13	43	73.63	92	100.0	100.0	100.0	98.57	0.0
17	33446551	33446632	RAD51D	NM_002878.3	1	62	75.58	85	100.0	100.0	100.0	100.0	0.0
17	33446130	33446191	RAD51D	NM_002878.3	2	98	109.62	119	100.0	100.0	100.0	100.0	100.0
17	33445520	33445638	RAD51D	NM_002878.3	3	0	0.0	0	0.0	0.0	0.0	0.0	0.0
17	33434385	33434466	RAD51D	NM_002878.3	4	75	115.91	134	100.0	100.0	100.0	100.0	70.37
17	33434007	33434141	RAD51D	NM_002878.3	5	39	51.82	61	100.0	100.0	100.0	52.24	0.0
17	33433405	33433500	RAD51D	NM_002878.3	6	35	48.2	57	100.0	100.0	100.0	44.21	0.0
17	33430473	33430563	RAD51D	NM_002878.3	7	63	83.67	96	100.0	100.0	100.0	100.0	0.0
17	33430273	33430343	RAD51D	NM_002878.3	8	78	87.6	95	100.0	100.0	100.0	100.0	0.0
17	33428220	33428384	RAD51D	NM_002878.3	9	46	64.62	77	100.0	100.0	100.0	88.41	0.0
17	33427972	33428055	RAD51D	NM_002878.3	10	46	61.63	77	100.0	100.0	100.0	78.31	0.0
17	41276034	41276113	BRCA1	NM_007294.3	2	92	121.32	134	100.0	100.0	100.0	100.0	87.34
17	41267743	41267796	BRCA1	NM_007294.3	3	94	98.08	105	100.0	100.0	100.0	100.0	24.53
17	41258473	41258550	BRCA1	NM_007294.3	4	64	74.12	82	100.0	100.0	100.0	100.0	0.0
17	41256885	41256973	BRCA1	NM_007294.3	5	86	106.53	116	100.0	100.0	100.0	100.0	84.09
17	41256139	41256278	BRCA1	NM_007294.3	6	63	99.19	130	100.0	100.0	100.0	100.0	51.8
17	41251792	41251897	BRCA1	NM_007294.3	7	62	93.91	112	100.0	100.0	100.0	100.0	39.05
17	41249261	41249306	BRCA1	NM_007294.3	8	92	110.49	119	100.0	100.0	100.0	100.0	80.0
17	41247863	41247939	BRCA1	NM_007294.3	9	101	112.51	127	100.0	100.0	100.0	100.0	100.0
17	41243452	41246877	BRCA1	NM_007294.3	10	41	71.28	121	100.0	100.0	100.0	97.37	3.42
17	41242961	41243049	BRCA1	NM_007294.3	11	77	98.68	117	100.0	100.0	100.0	100.0	39.77
17	41234421	41234592	BRCA1	NM_007294.3	12	30	80.42	107	100.0	100.0	98.83	95.91	10.53
17	41228505	41228631	BRCA1	NM_007294.3	13	45	80.54	100	100.0	100.0	100.0	98.41	0.0
17	41226348	41226538	BRCA1	NM_007294.3	14	47	98.76	139	100.0	100.0	100.0	97.37	52.11
17	41222945	41223255	BRCA1	NM_007294.3	15	52	99.31	122	100.0	100.0	100.0	100.0	65.81
17	41219625	41219712	BRCA1	NM_007294.3	16	103	122.01	136	100.0	100.0	100.0	100.0	100.0
17	41215891	41215968	BRCA1	NM_007294.3	17	116	146.77	160	100.0	100.0	100.0	100.0	100.0
17	41215350	41215390	BRCA1	NM_007294.3	18	122	123.95	126	100.0	100.0	100.0	100.0	100.0
17	41209069	41209152	BRCA1	NM_007294.3	19	84	111.22	127	100.0	100.0	100.0	100.0	80.72
17	41203080	41203134	BRCA1	NM_007294.3	20	76	84.98	90	100.0	100.0	100.0	100.0	0.0
17	41201138	41201211	BRCA1	NM_007294.3	21	111	141.51	160	100.0	100.0	100.0	100.0	100.0
17	41199660	41199720	BRCA1	NM_007294.3	22	79	88.35	95	100.0	100.0	100.0	100.0	0.0
17	41197695	41197819	BRCA1	NM_007294.3	23	46	73.65	89	100.0	100.0	100.0	88.71	0.0
17	56770005	56770149	RAD51C	NM_058216.2	1	31	48.95	62	100.0	100.0	100.0	45.83	0.0
17	56772292	56772550	RAD51C	NM_058216.2	2	19	82.44	117	100.0	97.29	96.51	91.09	36.82
17	56774054	56774220	RAD51C	NM_058216.2	3	74	108.81	141	100.0	100.0	100.0	100.0	65.66
17	56780557	56780690	RAD51C	NM_058216.2	4	70	85.95	104	100.0	100.0	100.0	100.0	18.05
17	56787220	56787351	RAD51C	NM_058216.2	5	59	93.02	117	100.0	100.0	100.0	100.0	34.35
17	56798107	56798173	RAD51C	NM_058216.2	6	90	106.29	114	100.0	100.0	100.0	100.0	92.42
17	56801401	56801461	RAD51C	NM_058216.2	7	116	136.68	149	100.0	100.0	100.0	100.0	100.0
17	56809845	56809905	RAD51C	NM_058216.2	8	87	122.17	135	100.0	100.0	100.0	100.0	85.0
17	56811479	56811583	RAD51C	NM_058216.2	9	36	72.58	100	100.0	100.0	100.0	85.58	0.0
17	59938808	59938900	BRIP1	NM_032043.2	2	127	171.66	187	100.0	100.0	100.0	100.0	100.0
17	59937157	59937268	BRIP1	NM_032043.2	3	71	90.77	105	100.0	100.0	100.0	100.0	25.23
17	59934419	59934592	BRIP1	NM_032043.2	4	71	106.99	138	100.0	100.0	100.0	100.0	57.23
17	59926490	59926617	BRIP1	NM_032043.2	5	50	69.88	86	100.0	100.0	100.0	99.21	0.0
17	59924462	59924581	BRIP1	NM_032043.2	6	108	131.86	155	100.0	100.0	100.0	100.0	100.0
17	59885828	59886118	BRIP1	NM_032043.2	7	28	63.8	88	100.0	100.0	97.24	76.9	0.0
17	59878614	59878835	BRIP1	NM_032043.2	8	61	82.0	105	100.0	100.0	100.0	100.0	3.62
17	59876461	59876660	BRIP1	NM_032043.2	9	48	95.7	135	100.0	100.0	100.0	97.99	49.75
17	59870958	59871090	BRIP1	NM_032043.2	10	90	135.05	158	100.0	100.0	100.0	100.0	88.64
17	59861631	59861785	BRIP1	NM_032043.2	11	93	126.07	157	100.0	100.0	100.0	100.0	90.26
17	59858201	59858366	BRIP1	NM_032043.2	12	51	89.5	118	100.0	100.0	100.0	100.0	38.79
17	59857622	59857762	BRIP1	NM_032043.2	13	55	83.54	106	100.0	100.0	100.0	100.0	19.29
17	59853762	59853923	BRIP1	NM_032043.2	14	48	78.86	97	100.0	100.0	100.0	96.89	0.0
17	59821793	59821952	BRIP1	NM_032043.2	15	42	90.84	125	100.0	100.0	100.0	92.45	53.46
17	59820374	59820495	BRIP1	NM_032043.2	16	72	99.49	122	100.0	100.0	100.0	100.0	47.93
17	59793312	59793424	BRIP1	NM_032043.2	17	48	75.46	93	100.0	100.0	100.0	93.75	0.0
17	59770791	59770873	BRIP1	NM_032043.2	18	57	90.62	100	100.0	100.0	100.0	100.0	0.0
17	59763197	59763526	BRIP1	NM_032043.2	19	37	82.33	112	100.0	100.0	100.0	91.79	21.28
17	59760657	59761501	BRIP1	NM_032043.2	20	53	83.0	114	100.0	100.0	100.0	100.0	19.43
18	48573417	48573665	SMAD4	NM_005359.5	2	46	76.21	90	100.0	100.0	100.0	95.56	0.0
18	48575056	48575230	SMAD4	NM_005359.5	3	47	96.24	130	100.0	100.0	100.0	94.83	54.02
18	48575665	48575694	SMAD4	NM_005359.5	4	87	101.9	107	100.0	100.0	100.0	100.0	72.41
18	48581151	48581363	SMAD4	NM_005359.5	5	50	126.64	176	100.0	100.0	100.0	99.53	82.08
18	48584495	48584614	SMAD4	NM_005359.5	6	48	90.08	109	100.0	100.0	100.0	94.96	28.57
18	48584710	48584826	SMAD4	NM_005359.5	7	63	114.35	137	100.0	100.0	100.0	100.0	68.1
18	48586236	48586286	SMAD4	NM_005359.5	8	147	173.0	183	100.0	100.0	100.0	100.0	100.0
18	48591793	48591976	SMAD4	NM_005359.5	9	40	84.34	116	100.0	100.0	100.0	91.26	29.51
18	48593389	48593557	SMAD4	NM_005359.5	10	35	57.38	75	100.0	100.0	100.0	72.02	0.0
18	48603008	48603146	SMAD4	NM_005359.5	11	13	27.77	36	100.0	80.43	44.2	0.0	0.0
18	48604626	48604837	SMAD4	NM_005359.5	12	46	70.35	92	100.0	100.0	100.0	92.89	0.0
19	1206913	1207202	STK11	NM_000455.4	1	50	66.64	86	100.0	100.0	100.0	98.96	0.0
19	1218416	1218499	STK11	NM_000455.4	2	90	108.59	122	100.0	100.0	100.0	100.0	69.88
19	1219323	1219412	STK11	NM_000455.4	3	74	89.03	98	100.0	100.0	100.0	100.0	0.0
19	1220372	1220504	STK11	NM_000455.4	4	65	81.44	96	100.0	100.0	100.0	100.0	0.0
19	1220580	1220716	STK11	NM_000455.4	5	70	88.24	98	100.0	100.0	100.0	100.0	0.0
19	1221212	1221339	STK11	NM_000455.4	6	40	65.17	78	100.0	100.0	100.0	80.31	0.0
19	1221948	1222005	STK11	NM_000455.4	7	66	73.86	79	100.0	100.0	100.0	100.0	0.0
19	1222984	1223171	STK11	NM_000455.4	8	48	77.77	101	100.0	100.0	100.0	94.12	2.67
19	1226453	1226646	STK11	NM_000455.4	9	21	37.61	49	100.0	100.0	76.17	0.0	0.0
19	50902109	50902310	POLD1	NM_002691.3	2	48	123.17	168	100.0	100.0	100.0	99.0	71.14
19	50902628	50902741	POLD1	NM_002691.3	3	61	83.76	100	100.0	100.0	100.0	100.0	0.0
19	50905035	50905181	POLD1	NM_002691.3	4	74	264.34	192	163.7	163.7	163.7	163.7	154.79
19	50905256	50905381	POLD1	NM_002691.3	5	72	114.14	135	100.0	100.0	100.0	100.0	72.0
19	50905462	50905630	POLD1	NM_002691.3	6	70	78.93	86	100.0	100.0	100.0	100.0	0.0
19	50905711	50905792	POLD1	NM_002691.3	7	87	91.79	97	100.0	100.0	100.0	100.0	0.0
19	50905869	50905998	POLD1	NM_002691.3	8	46	75.81	91	100.0	100.0	100.0	83.72	0.0
19	50906310	50906476	POLD1	NM_002691.3	9	42	63.21	78	100.0	100.0	100.0	82.53	0.0
19	50906750	50906854	POLD1	NM_002691.3	10	64	84.12	97	100.0	100.0	100.0	100.0	0.0
19	50909439	50909579	POLD1	NM_002691.3	11	40	47.19	58	100.0	100.0	100.0	20.0	0.0
19	50909664	50909774	POLD1	NM_002691.3	12	49	57.13	63	100.0	100.0	100.0	90.0	0.0
19	50910240	50910431	POLD1	NM_002691.3	13	27	54.28	72	100.0	100.0	93.72	68.59	0.0
19	50910584	50910672	POLD1	NM_002691.3	14	38	55.09	65	100.0	100.0	100.0	69.32	0.0
19	50912042	50912158	POLD1	NM_002691.3	15	84	114.21	138	100.0	100.0	100.0	100.0	76.72
19	50912379	50912492	POLD1	NM_002691.3	16	39	60.43	70	100.0	100.0	100.0	83.19	0.0
19	50912776	50912923	POLD1	NM_002691.3	17	18	27.68	36	100.0	85.03	36.73	0.0	0.0
19	50916683	50916778	POLD1	NM_002691.3	18	87	105.87	118	100.0	100.0	100.0	100.0	70.53
19	50916999	50917136	POLD1	NM_002691.3	19	78	108.15	133	100.0	100.0	100.0	100.0	61.31
19	50918072	50918247	POLD1	NM_002691.3	20	33	53.92	65	100.0	100.0	100.0	65.14	0.0
19	50918695	50918847	POLD1	NM_002691.3	21	40	63.88	82	100.0	100.0	100.0	92.76	0.0
19	50918981	50919083	POLD1	NM_002691.3	22	68	87.87	104	100.0	100.0	100.0	100.0	13.73
19	50919653	50919785	POLD1	NM_002691.3	23	53	63.7	78	100.0	100.0	100.0	100.0	0.0
19	50919867	50919980	POLD1	NM_002691.3	24	50	83.73	100	100.0	100.0	100.0	95.58	0.0
19	50920302	50920354	POLD1	NM_002691.3	25	43	53.25	59	100.0	100.0	100.0	71.15	0.0
19	50920429	50920526	POLD1	NM_002691.3	26	39	44.97	49	100.0	100.0	100.0	0.0	0.0
19	50921099	50921204	POLD1	NM_002691.3	27	44	63.7	74	100.0	100.0	100.0	82.86	0.0
